sampleID DTA_BLUP DTS_BLUP ASI_BLUP LAL_BLUP LAU_BLUP LW_BLUP LL_BLUP PH_BLUP EH_BLUP EP_BLUP TBN_BLUP TL_BLUP ULN_BLUP TLN_HN2016 SD_LF2016
10687 61.75 66.36 0.96 115.4 62.18 6.8 60.59 160.57 57.33 36.17 9.91 27.7 5.43 16 16.91
10688 56.93 61.95 1.55 135.38 43.91 8.59 66.37 168.02 62.75 37.79 5.68 32.19 4.98 15 17.76
10690 72.2 80.06 2.28 163.1 17.76 8.81 59.96 138.13 51.77 37.99 9.73 29.04 5.3 17.5 26.58
10692 65.21 73.1 1.99 136.57 45.33 8.56 80.55 195.51 80.71 41.28 9 31.39 5.72 18.5 18.99
10695 73.44 77.04 1.11 159.5 22.33 9.29 72.23 184.31 57.99 31.28 7.58 32.21 5.67 18 26.91
10696 64.69 71.7 2.14 155.67 26.44 7.74 72.43 201.44 65.37 32.49 6.85 27.94 5.69 17 18.65
10697 59.18 65.2 1.55 147.22 34.88 7.83 66.9 169.43 59.54 35.45 13.61 32.08 4.71 14.1 17.01
10698 72.8 79.36 1.26 159.5 20.39 8.54 74.83 180.57 57.64 31.89 7.09 28.05 6.03 20 26.93
10699 58.02 63.81 1.7 148.34 35.87 8.88 61.02 150.8 40.74 27.46 6.25 22.42 5.5 14 14.45
10700 67.48 74.02 0.96 159.06 19.25 8.14 71.58 185.66 54.15 29.24 5.94 30.53 6.37 16.8 21.53
10702 64.5 67.99 0.96 143.56 38.34 7.94 71.75 198.37 59.29 29.8 6.01 28.59 6.25 18 16.13
10703 66.49 73.56 1.99 153.33 32.59 9.83 69.76 214.82 77.76 35.83 6.91 32.88 5.62 17.8 19.75
10705 57.41 62.19 1.55 130.75 56.6 7.84 64.71 157.65 40.01 25.18 7.11 30.13 4.91 13.3 16.79
10706 63.72 69.61 1.4 154.99 26.17 7.75 78.96 250.65 91.34 35.89 14.27 38.08 6.06 18 21.1
10707 64.78 69.38 0.82 156.76 26.73 9.16 66.04 206.02 75.19 36.09 5.35 32.84 6.68 18 20.73
10708 68.99 76.35 1.4 160.76 23.6 9.63 75.25 211.42 72.65 34.08 4.62 33.09 5.87 16 24.38
10709 71.43 -999 -999 158.1 21.78 8.76 66.5 184.53 73.78 37.4 10.78 27.77 5.24 15 21.02
10710 63.11 69.38 1.11 148.95 30.74 8.47 68.15 177.72 69.21 38.44 12.56 29.48 5.13 15 19.38
10711 67.65 -999 -999 153.82 32.09 9.85 66.1 214.37 67.71 31.28 16.84 26.61 5.97 18.3 -999
10712 73.72 83.77 2.14 163.89 19.9 9.04 75.01 219.59 78.98 35.34 11.49 36.1 5.35 16.3 24.36
10713 65.42 -999 -999 166.16 19.24 9.71 82.7 208.97 76.67 36.8 9.03 35.51 5.46 16.3 -999
10714 69.87 80.06 1.99 163.78 18.27 9.77 69.28 202.18 85.11 40.73 8.3 30.32 5.94 17 -999
10715 76.14 82.84 1.11 149.68 31.16 12.06 74.78 178.18 69.29 38.34 20.08 34.8 5.56 18.7 26.94
10716 70.66 78.16 0.79 159.3 25.27 8.62 86.58 208.28 80.94 37.56 12.01 32.56 5.58 15.7 24.36
10717 70.48 77.19 1.68 159.22 27.94 10.06 78.37 183.42 64.04 34.44 9.21 29.28 5.35 16.3 23.29
10718 65.37 72.4 1.84 156.27 28.85 10.14 71.88 213.52 73.21 34.02 10.48 35.03 6.06 17.4 -999
10719 69.13 -999 -999 146.09 35.4 9.71 70.11 211.13 71.74 33.86 12.12 33.26 5.24 15.5 -999
10720 63.51 72.17 2.87 141.52 42.5 9.23 68.61 157.23 65.9 42.37 15.42 27.97 4.85 15.2 24.07
10721 69.95 76.11 0.9 160.18 22.22 10.15 75.43 185.46 53.37 28.65 9.19 37.14 6.15 16.3 20.85
10722 64.68 -999 -999 159.5 23.57 9.93 75 187.37 57.23 29.13 13.63 36.68 5.6 16.5 -999
10723 74.22 84.47 2.58 162.22 22.5 10.77 63.77 186.57 75.73 40.38 17.39 30.92 5.89 17.6 25.5
10724 58.71 65.9 2.28 141.33 39.86 9.77 61.53 156.63 48.36 31.25 12 30.18 4.42 13.3 22.64
10725 67.39 73.79 2.28 123.8 60.06 9.01 57.18 212.55 100.65 47.11 17.17 37.81 4.3 17.3 21.58
10726 69.33 73.56 0.08 158.41 24.52 9.58 75.88 191.38 68.23 35.54 6.64 31.81 6.53 17.3 24.65
10727 63.77 68.45 1.7 147.97 36.31 7.65 65.93 173.79 65.07 38.13 7.24 23.55 5.26 14 17.38
10728 59.37 66.13 2.14 152.44 31.1 8.3 61.67 141.69 37.01 26.43 12.35 25.06 5.68 13 17.84
10729 60.45 65.9 1.55 136.2 45.03 8.13 56.75 145.71 42.62 29.59 10.05 31.29 5.42 14.4 15.76
10730 61.31 67.06 1.7 126.33 52.53 8.88 75.69 198.74 71.03 36.11 11.32 40.2 5.29 15.8 -999
10731 65.93 74.95 2.87 149.41 28.16 10.54 68.45 203.73 72.85 35.97 14.9 38.79 6.19 19 -999
10732 70.35 80.52 2.28 140.06 45.42 10.88 78.81 205.47 90.5 43.95 10.16 31.15 6.23 17.7 22.9
10734 64.12 72.17 0.52 155.37 26.23 10.01 71.64 160.3 64.13 40.26 5.58 34.94 4.46 14 23.04
10735 70.54 80.29 2.87 143.66 39.05 9.73 76.72 227.27 82.66 36.04 6.84 39.29 6.35 17.5 23.52
10736 66.7 73.33 1.7 151.53 32.74 9.01 72.45 159.2 53.42 33.59 5.76 39.25 5.05 14.8 20.51
10737 69.34 78.67 1.84 158.23 25.04 9.83 70.2 176.7 75.63 42.88 26.25 28.4 5.38 17 21.44
10738 66.41 77.04 3.02 157.38 23.41 10.15 68.99 204.16 89.07 43.02 8.82 37.74 5.28 16.5 22.72
10739 74.33 82.84 1.4 156.07 29.99 8.37 79.36 223.49 105.23 46.38 23.29 34.3 6.09 17.2 28.66
10740 70.03 79.59 1.99 150.31 36.15 7.33 74.08 195.48 77.39 39.39 10.36 35.9 3.75 16.7 23.23
10741 71.86 -999 -999 138.97 46.42 8.76 75.16 204.72 84.87 41.66 15.34 33.22 6.19 18.5 23.14
10742 64.86 71.24 2.43 131.6 48.23 8.92 81.99 198.01 78.57 39.56 10.41 29.47 5.63 17 23.57
10743 70.2 78.2 2.43 147.94 32.92 10.86 74.02 185.32 72.33 38.62 16.68 33.88 5.87 17.3 23.47
10744 69.02 76.11 1.55 123.68 52.46 7.96 59.15 149.8 66.26 44.09 7.12 30.63 4.26 15 18.81
10745 -999 -999 -999 160.57 18.45 7.65 67.77 163.75 62.71 38.01 11.54 32.1 -999 -999 -999
10746 66 73.56 1.4 158.23 25.27 9.9 64.94 188.95 88.58 46.58 13.71 30.03 4.68 17 22.08
10747 70.87 78.2 1.7 165.4 20.54 9.44 74.76 237.39 99.35 41.57 6.75 32.76 5.35 18.8 20.11
10748 68.62 74.26 1.7 148.59 33.25 10.46 70.94 206.71 78.67 37.76 10.2 40.03 4.8 17.3 22.34
10749 69.83 76.14 1.61 150.69 32 9.31 75.94 219.97 64.75 29.27 5.61 32.26 6.04 16 22.45
10750 57.61 61.69 1.41 137.4 42.89 9.45 58.1 194.11 44.11 24.87 5.97 23.31 5.08 14 18.15
10751 69.11 80.29 1.99 170.16 13.94 9.11 77.01 178.27 61.63 34.66 9.97 36 4.51 16 20.54
10752 72.28 -999 -999 159.28 21.52 9.86 75.56 209.11 83.77 40.24 10.74 33.26 5.24 17 22.53
10754 69.55 76.35 1.32 172.83 12.14 7.91 80.23 187.94 60.45 32.08 11.29 32.8 5.73 16.5 19.03
10755 68.57 74.02 0.82 130.92 51.49 10.32 69.35 202.45 92.52 44.93 12.04 30.96 6.19 18.7 18.54
10756 74.6 82.38 0.96 148.07 30.49 7.88 58 159 98.27 -999 19.65 26.88 4.11 19 18.22
10757 70.6 76.81 1.55 126.51 50.99 8.77 66.45 212.2 78.6 36.7 9.02 32.23 6.95 19.3 18.68
10758 74.17 83.77 0.82 162.27 20.35 9.58 63.93 188.05 83.02 44.07 15.98 25.19 5.55 17.3 22.6
10759 65.71 71.23 1.32 161.97 22.39 9 57.83 167.93 68.98 41.25 21.54 26.49 4.57 15 -999
10760 65.74 71.01 1.84 155.93 29.56 8.41 78.62 195.8 56.37 28.45 13.96 32.55 5.32 14.8 20.99
10762 69.68 75.42 0.67 163.49 21.46 10.78 78.15 231.7 78.41 33.89 3.03 33.48 5.94 17.8 22.08
10764 67.65 74.95 1.4 165.5 20.99 9.07 74.34 219.67 70.71 32.11 4.82 37.37 5.59 16.8 18.06
10765 64.34 71.01 0.52 164.94 18.82 8.75 64.98 174.94 62.83 35.21 7.44 27.69 5.3 15.2 23.61
10766 68.85 75.42 0.52 158.35 24.26 10.44 53.34 165.47 68.75 41.91 13.78 30.39 5.52 15.5 20.43
10767 69.62 78.43 2.43 156.72 31.84 9.73 68.27 217.14 93.77 42.27 8.08 29.38 5.4 15.8 24.46
10768 63.54 69.15 1.7 159.93 20.31 8.36 65.99 176.57 57.76 32.74 3.93 25.96 5.36 16.3 16.9
10769 56.05 59.87 1.11 150.79 27.99 7.14 63.44 141.95 38.52 26.9 5.41 24.41 5.12 13.8 14.54
10770 61.01 65.44 1.11 142.26 39.74 8.18 61.04 181.09 59.83 33.25 4.97 29.03 5.46 15 18.68
10771 62.03 65.67 0.96 147.84 35.07 8.63 72.3 188.47 61.01 32.69 6.83 31.88 5.72 15.8 17.15
10772 60.63 66.83 1.99 159.12 24.01 8.11 75.59 194.36 60.22 31.23 9.14 32.22 6.01 16 17.57
10773 65.44 71.94 1.26 154.73 24.17 9.22 71.89 183.25 68.07 37.38 8.02 34.6 4.74 14.5 19.2
10774 65.35 74.26 2.14 155.49 34.67 11.45 61.94 221.98 68.33 30.74 4.68 32.28 4.43 14.5 21.68
10775 66.76 77.04 3.31 157.7 27.44 8.12 73.89 194.25 48.39 25.16 7.6 31.8 6.37 16 21.53
10777 69.2 76.81 1.11 165.79 15.39 9.13 67.16 159.07 64.47 40.93 9.11 30.51 5.35 15.6 20.25
10779 71.45 77.97 1.26 155.35 26.65 7.52 69.02 198.97 93.67 46.41 10.22 30.84 4.41 16 19.39
10780 70.61 -999 -999 154.81 29.17 9.85 72.52 181.03 73.32 40.74 13.71 33.33 5.46 19.8 -999
10784 64.09 71.7 1.84 160 19.32 9.07 72.25 199.05 75.49 37.97 6.74 32.49 5.03 16 21.49
10785 70.03 75.88 1.11 153.84 24.47 8.02 74.39 171.26 53.04 30.82 5.51 30.89 5.69 16.8 20.79
10786 70.53 76.11 0.67 151.27 32.99 9.4 66.27 199.7 75.39 37.63 5.92 29.6 6.48 18 18.61
10787 69.34 76.81 1.7 161.98 23.01 8.95 77.05 204.17 68.85 33.64 10.9 34.33 5.57 17.8 23.8
10789 62.13 67.53 1.99 153.52 30.21 8.4 66.03 180.73 55.09 30.49 13.47 31.48 5.46 16.3 20.51
10790 60.25 65.67 1.7 144.28 37.11 8.52 58.18 153.05 47.4 31.2 8.03 28.4 4.73 15 20.65
10791 67.83 74.02 1.4 161.12 25.28 7.75 77.43 206.17 73.25 35.21 7.51 31.89 5.62 17 26.61
10792 62.09 67.06 1.4 146.84 39.37 8.26 65.52 168.57 51.91 30.84 10.9 29.45 4.88 14.4 16.07
10793 58.67 63.58 0.82 158.67 23.65 7.86 63.85 163.4 50.74 31.09 16.37 25.03 5.1 14 17.95
10794 56.99 62.65 1.55 136.58 45.95 6.71 67.82 197.04 70.13 35.56 14.43 33.61 4.38 13.6 18.76
10796 63.83 67.06 0.67 148.11 31.66 6.71 63.86 176.9 77.84 43.9 13.18 30.46 6.84 20.3 17.24
10797 71.16 77.27 1.26 162.8 20.01 11.64 69.35 186.38 78.78 42.09 11.93 30.13 5.79 18.7 22.91
10798 70.19 75.88 1.11 162.62 23.05 12.2 64.76 186.86 80.2 43.06 7.93 25.49 5.41 18 20.36
10799 70.08 74.72 0.38 154.54 27.42 11.5 56.47 190.37 75.77 40.1 4.41 25.97 7.12 20.3 20.65
10801 61.74 68.92 2.43 140.5 39.73 7.86 72.56 189.81 71.35 37.82 15.21 34.22 5.03 16 17.88
10802 75 82.61 1.11 162.15 18.23 10.22 71.94 245.22 100.2 40.34 10.32 33.08 4.95 16.8 27.24
10803 69.82 78.67 1.99 161.43 22.12 10.53 73.98 201.09 77.25 38.22 11.21 32.29 5.48 17.3 24.09
10804 66.29 72.17 0.67 150.96 31.09 8.91 76.88 242.51 88.36 36.09 5.53 36.84 5.17 15 20.07
10806 68.88 76.35 1.84 163.53 22.47 8.74 77.23 207.9 64.51 30.6 3.25 39.17 5.87 18.4 23.24
10807 70.9 78.31 1.19 163.09 21.34 10.22 73.25 183.48 74.47 41.87 11.21 32.12 6.26 19.1 24
11627 64.8 70.08 0.96 143.76 38.43 8.03 63.73 140.92 35.9 25.57 5.8 25.47 6.83 16.6 19.79
11628 61.37 70.08 2.58 161.31 21.9 8.99 81.57 201.73 49.94 24.73 6.17 38.02 5.47 14.8 22.69
11629 66.56 70.31 0.38 151.88 26.77 8.4 78.62 209 55.4 26.35 6.54 33.52 6.17 16.7 22.1
11630 68.5 76.35 1.55 146.38 33.51 8.78 70.79 221.16 75.84 33.84 5.16 33.32 5.79 16.8 21.47
11631 65.2 71.7 1.7 156.28 30.95 9.79 76.27 193.28 59.86 31.18 5.96 29.29 6.11 17.5 20.65
11632 73.65 77.72 2.24 164.57 21.18 8.22 80.64 256.53 111.49 42.7 16.62 39.96 5.31 17 28.08
11633 56.55 64.74 3.02 135.78 42.36 8 54.36 161.44 30.52 18.55 4.95 27.59 5.45 12.8 18.62
11634 65.68 71.47 0.96 158.05 26.01 8.53 79.1 226.9 82.4 36.1 6.32 35.04 6.11 18.8 19.53
11635 72.3 79.36 0.23 166.41 18.94 11.31 66.87 202.5 72.2 35.5 12.56 38.17 5.3 17.8 24.39
11636 64.01 69.61 2.87 155.96 25.7 8.2 68.18 181.3 54.02 29.8 5.82 31.74 5 15.5 16.76
11637 69.91 77.27 1.55 156.82 27.2 9.62 73.22 213.78 74.15 34.77 5.86 31.95 6.29 17.6 20.17
11638 68.29 72.4 0.38 164.91 18.55 9.9 74.23 177.78 65.36 36.6 9.56 28.4 5.87 17 22.58
11639 70.36 76.58 1.7 166.71 19.17 8.98 76.18 177.45 60.86 33.83 9.57 33.75 5.47 17 18.54
11641 62.53 68.69 1.11 158.45 24.79 9.75 60.11 163.42 61 37.87 13.28 28.47 4.97 14 -999
11642 68.54 75.88 2.43 165.09 19.53 9.65 68.18 165.58 63.09 37.86 7.6 28.23 5.05 16 -999
11643 66.17 73.33 1.26 167.05 18.15 8.53 71.78 178.44 52.56 29.11 6.89 30.24 5.66 16 -999
11644 69.16 75.42 0.82 157.46 26.55 10.24 73.12 207.33 74.04 35.44 7.41 31.72 6.04 17.5 -999
12045 66.95 73.1 1.55 143.93 43.19 9.27 67.19 180.79 63.46 35.28 11.33 31.99 5.47 16 23.29
12046 65.44 70.31 1.84 147.13 32.86 10.1 72.27 193.61 61.33 30.86 15.44 32.5 5.94 16 21.17
12047 65.26 73.56 1.7 154.98 31.02 10.23 73.14 202.61 52.71 26.24 6.69 36.64 5.68 15.7 25.23
12048 64.46 69.38 0.67 160.99 30.81 9.34 69.83 194.67 68.58 35.23 10.28 25.81 6.48 18.2 22.9
12049 65.04 71.24 1.4 146.2 34.19 9.23 70.79 191.52 66.02 34.33 5.93 39.59 4.73 15 19.68
12050 65.21 71.94 1.26 147.67 33.76 8.46 67.26 198.25 63.21 31.58 7.41 33.7 6.11 18.4 20.69
12051 67.38 72.4 1.26 158.03 25.86 9.01 79.15 183.93 64.39 34.93 6.73 31.32 5.47 16.3 19.2
12052 57.52 62.65 1.7 152.11 28.06 9.19 62.87 149.85 43.9 29.58 10.64 22.56 5.05 13.3 17.94
12053 64.24 71.01 0.96 160.25 24.09 11.26 59.01 175.14 78.15 45.49 12.92 27.02 5.1 16.7 26.62
12054 61.59 66.36 1.26 148.3 38.66 8.31 63.54 166.39 53.07 31.89 12.07 30.08 5.15 14.8 18.3
12055 66.99 72.4 0.52 159.85 17.97 7.49 72.32 193.36 69.8 36.22 9.44 29.81 5.56 17.3 20.01
12056 66.3 75.88 2.58 152.49 29.96 9.67 75.76 193.07 55.93 29.17 7.16 36.81 4.92 15 22.71
5003 72.39 81.68 2.87 152.02 33.27 9.88 68.66 154.16 53 34.82 12.82 28.65 5.22 17 -999
6096 69.35 76.11 1.11 150.15 34.11 9.27 71.73 187.72 79.88 42.41 12.38 33.72 4.9 16 24.82
6097 71.3 81.45 1.55 165.14 19.68 10.83 79.77 190.28 65.63 34.62 13.35 30.23 5.45 15 22.72
6098 69.15 75.65 0.96 158.27 25.18 9 66.96 185.2 68.57 37.19 9.52 34.37 4.56 14.7 20.68
6099 68.06 74.72 2.28 158.96 25.98 8.28 65.92 174.02 64.28 36.96 13.71 23.15 6.5 17.8 21.41
6100 77.22 83.35 1.41 156.54 31.74 8.84 76.29 216.92 105.95 47.64 14.94 30.78 5.56 18.3 -999
6101 74.34 80.29 0.96 163.24 20.46 9.2 59.42 -999 44.63 38.69 5.27 21.38 5.39 15.3 20.55
6102 69.62 75.65 1.4 151.32 32.63 9.29 65.14 155.26 48.6 31.16 11.41 32.53 4.63 15 21.96
6103 71.97 78.2 0.38 159.16 23.39 10.06 75.82 189.64 82.01 42.23 6.77 32.38 5.45 17.2 27.7
6104 65.07 72.86 1.26 169.35 13.88 9.33 66.23 158.91 63.6 40.14 12.69 30.05 4.81 15.6 18.66
6105 71.43 -999 -999 139.65 42.28 8 57.4 137.18 46.27 31.31 4.4 26.82 5.24 12 15.88
6106 68.63 74.49 0.96 168.07 14.2 10.73 71.72 200.26 60.17 29.81 10.92 31.4 5.94 16 -999
6107 68.22 75.88 0.67 150.87 31.74 7.37 67.67 192.25 83.73 43.35 12.57 29.81 5.56 17 28.23
6108 66.47 72.4 0.23 145.05 38.97 8.23 67.81 180.59 60.36 33.1 10.71 35.63 5.68 15.3 21.62
6109 73.69 79.83 0.52 158.94 24.6 9.81 77.84 202.17 77.67 37.65 7.04 33.15 5.71 18 21
6110 71.6 79.59 1.84 159.48 24.07 8.1 86.61 207.88 74.46 34.94 12.86 37.22 5.06 14 21.89
6111 72.41 80.29 0.82 161.13 23.84 9.57 81.49 212 90.23 41.74 17.59 32.94 5.1 16 20.54
6112 70.42 76.58 0.82 153.63 30.37 9.58 71.18 188.3 86.4 45.55 7.69 29.04 5.21 16.7 19.91
6113 76.61 87.69 2.24 146.28 32.84 9.84 68.62 204.93 83.74 39.88 10.48 36.75 6.06 18 27.72
6114 68.34 76.81 0.67 168.29 14.79 8.28 69.07 188.69 73.08 38.17 6.6 29.48 5.45 15.7 24.59
6115 71.29 78.67 1.26 149.37 32.86 8.43 54.99 187.11 87.14 46.61 13.21 28.5 4.84 18 19.76
6116 65.48 72.17 1.4 140.64 42.11 7.8 74.61 205.72 71.07 34.2 6.29 33.54 4.93 14 19.31
6117 66.16 -999 -999 160.98 23.02 8.09 72.12 154.64 51.07 30.49 8.61 32.32 4.66 17 -999
6118 69.17 75.88 1.4 150.18 32.43 8.87 65.13 163.11 62.06 37.55 12.9 33.07 5.3 16 21.93
6119 72.78 82.84 1.26 164.78 19.18 9.7 75.38 219.25 87.15 39.6 6.68 38.38 6.04 18.3 24.09
6120 67.8 78.2 3.02 167.33 14.77 8.99 71.62 203.2 85.94 41.84 7.52 31.83 5.2 16 21.89
6121 70.33 76.81 0.52 169.26 16.48 9.22 74.13 235.9 92.51 38.54 9.59 36.96 5.28 18 25.7
6122 61.61 67.99 2.14 151.96 31.01 9.55 71.51 187.27 50.65 26.76 10.14 32.73 5.45 15 19.78
6123 61.4 67.99 1.55 150.68 33.82 9.14 62.3 157.54 66.46 42.77 11.34 24.62 4.98 14 16.99
6124 65.38 71.7 1.7 144.95 36.75 9.86 66.85 200.02 69.6 34.73 7.88 30.76 6.1 16.7 18.44
6125 72.33 82.84 1.26 161.65 22.47 9.22 81.26 165.5 71.98 43.09 16.55 33.65 4.85 15 22.12
6126 73.1 81.68 2.28 160.03 24.52 10.19 74.32 188.6 73.14 37.96 23.16 30.48 5.98 16.3 21.05
6127 63.18 71.47 2.43 153.33 27.71 9.73 71.53 202.56 65.6 32.33 7.93 32.61 6.05 15 20.8
6128 62.07 71.32 3.22 148.47 34.99 9.31 73.06 161.76 36.9 22.63 6.75 27.46 5.32 14 17.14
6129 63.29 69.61 1.84 147.44 32.94 9.89 68.52 185.3 72.67 39.37 12.36 33.43 5.1 16 20.69
6130 75.96 82.92 0.58 149.47 31.46 9.15 58.82 158.31 69.19 43.7 14.35 28.9 5.56 17 19.49
6131 71.55 77.74 0.82 159.57 22.12 9.46 68.29 168.21 64.12 38.21 15.94 27.37 5.45 17.4 21.72
6132 70.28 78.2 1.16 160.28 23.59 8.96 71.44 186.85 70.29 38.04 11.83 30.57 5.01 15.7 22.05
6133 62.87 72.63 2.72 160.67 22.55 10.05 68.3 181.55 49.03 26.69 10.51 34.24 6.2 13.3 22.75
6134 68.97 75.88 0.96 161.95 21.27 10.43 75.57 193.22 85.87 44.72 10.06 30.21 5.66 17.7 -999
6135 71.29 77.27 1.84 166.54 18.64 9.55 61.71 146.25 45.44 31.45 5.21 28.15 6.45 17 21.31
6136 70.82 78.9 1.55 156.1 24.12 7.86 68.19 195.36 72.71 37.47 4.68 30.03 5.3 18.5 24.43
6137 70.33 81.92 4.04 170.93 13.09 7.48 81.38 198.23 66.81 33.61 13.46 31.38 6.34 17 27.2
6138 70.32 77.74 0.96 164.34 19.74 10.16 80.98 219.92 90.33 40.47 9.03 35.46 5.71 16.8 26.25
6139 69 77.51 1.84 162.12 19.56 9.44 69.22 198.33 90.26 44.75 22.04 25.57 5.25 17.8 19.84
6140 71.14 75.42 0.67 163.36 18.72 8.22 55.47 163.46 60.42 37.04 7.82 23.9 6.04 18 17.06
6141 65.26 74.49 1.84 158.64 25.94 8.54 68.67 185.81 74.45 39.85 16.86 28.33 5.21 16.5 18.45
6142 71.22 76.58 1.4 157.09 30.8 10.03 64.37 188.49 85.57 44.99 7.59 23.57 4.77 16.7 18.78
6143 70.98 77.97 1.4 174.21 9.4 9.15 79.68 204.78 72.1 35.2 5.45 27.03 6.73 18 22.2
6144 73.51 78.9 1.55 171.1 13.47 9.6 82.64 214.58 84.27 38.93 6.44 30.46 6.14 17 21.47
6145 71.6 78.94 1.09 158.93 27.56 9.95 69.03 214.82 81.35 37.61 8.68 29.9 6.54 17.8 21.68
6146 69.1 75.65 0.96 167.61 16.23 8.87 74.39 160.42 53.3 33.37 7.49 29.14 5.03 15.5 17.57
6147 77.87 -999 -999 165.77 16.62 10.29 67.14 160.83 66.59 41.41 9.19 24.25 5.46 17.3 21.22
6148 67 73.56 1.4 153.74 30.16 9.15 70.04 204.39 78.93 38.53 7.76 29.17 6.04 18 17.53
6149 72.28 -999 -999 162.84 19.93 9.86 68.46 198.59 71.1 36.48 5.91 34.02 5.24 16.3 21.6
6150 69.89 77.04 1.11 161.56 20.51 9.98 72 236.51 80.61 33.89 4.39 31.79 5.69 17.4 19.96
6151 70.57 81.22 2.58 159.48 23.83 9.58 81.76 208.41 81.98 39.04 12.18 28.18 4.93 16.5 23.38
6152 65.3 72.17 0.82 164.09 17.66 9.83 64.64 196.27 67.64 34.53 6.76 26.21 6.09 16 17.74
6153 68.71 74.49 0.52 166.16 18.42 10.24 74.23 186.22 72.63 39.34 9.29 29.31 5.82 16.5 20.01
6154 70.15 77.04 0.67 166.81 18.27 10.19 71.4 187.83 75.16 39.98 15.47 32.06 6.04 17 20.8
8112 69.96 75.88 0.82 171.31 15.37 9.06 74.52 197.52 71.34 35.96 10.49 28.1 5.27 16.2 -999
8380 68.46 75.18 0.82 126.98 58.75 10.14 73.34 198.81 90.6 45.45 11.7 26.86 5.96 18.8 20.09
8381 69.46 88.52 -999 155.78 30.13 9.76 79.02 191.2 55.03 29.04 5.73 37.57 6.18 17 16.95
8382 64.62 -999 -999 159.46 26.67 9.35 72.75 192.1 67.32 34.86 12.24 33.51 6.19 15.8 17.54
8383 66.97 74.26 0.67 127.87 56.13 11.39 71.37 193.13 73.18 38.13 14.45 31.53 5.73 16.7 20.02
8384 63.96 69.85 1.7 148.19 35.71 9.19 67.32 173.28 55.33 32 12.87 32.58 4.85 14.5 20.41
8385 66.79 74.95 2.43 143.33 40.69 9.64 71.56 196.93 63.67 32.41 12.21 31.89 5.97 16.2 21.75
8386 71.43 -999 -999 156.39 27.91 8.3 66.62 149.87 56.02 38.07 10.46 23.28 6.34 20.5 18.78
8387 64.35 70.31 1.4 143.53 42.22 7.98 74.41 197.14 75.17 38.01 14.2 31.98 4.73 13.8 19.62
8388 60.36 -999 -999 128.59 49.02 7.06 58.32 152.41 55.13 35.19 15.02 22.1 4.87 14.8 -999
8389 56.94 62.65 1.84 128.69 46.99 7.89 62.9 150.33 33.32 22.04 6.46 34.58 4.69 11.3 16.21
8390 75.6 81.92 1.55 151.39 27.68 8.66 74.29 196.24 85.93 43.55 14.09 38.56 5.08 17.8 22.93
8391 60.68 70.02 2.52 154.83 27.35 8.23 59.68 147.6 42.69 28.88 20.43 31.22 5.5 14.7 22.35
8392 70.36 73.95 -0.87 159.97 25.48 8.8 64.68 172.23 56.96 32.88 13.56 29.8 6.21 18 22.19
8393 62.2 73.42 2.16 145.92 35.55 7.54 67.11 159.23 57.04 34.85 14.77 24.68 4.63 12 16.62
8394 63.75 69.85 0.82 125.41 52.54 7.8 78.27 175.88 63.11 35.39 10.34 29.83 4.88 14 18.38
8395 63.34 -999 -999 149.44 33.2 7.9 69.51 178.72 57.53 30.56 9.28 30.82 5.09 13.8 18.99
8396 77.68 84.93 1.4 144.87 36.63 8.41 74.56 204.98 93.4 44.73 8.43 26.57 4.25 16 21.3
8397 62.99 69.15 1.26 147.43 31.41 9.69 64.24 186.11 67.23 35.44 11.4 34.65 4.84 14.3 -999
8398 72.56 80.52 1.99 143.42 37.62 8.48 64.44 179.56 66.21 36.62 8.88 35.33 5.37 16.3 21.12
8399 74.33 83.08 1.26 148.54 33.47 8.1 88.54 242.25 115.31 45.64 12.15 42.31 4.93 16.5 22.87
8400 67.98 77.74 2.58 138.59 42.69 8.87 76.96 208.15 74.3 34.86 14.47 34.99 6.45 17 23.98
8401 65.57 72.63 1.99 146.3 32.8 9.08 70.1 202.51 78.23 38.21 10.48 29.62 4.83 14 21.43
8402 76.45 92.02 4.73 151.27 29.13 8.85 81.17 228.13 115.33 50.32 16.02 34.86 5.79 21.3 20.09
8403 55.44 60.79 1.4 145.15 34.6 10.3 73.25 180.77 36.19 19.88 6.6 39.41 5.78 13.3 16.8
8404 72.2 80.47 1.62 154.83 24.04 7.02 74.38 208.9 82.43 39 12.1 31.3 5.85 16.8 20.85
8405 67.06 76.58 1.99 150.7 28.67 7.15 74.66 190.29 75.48 39.29 15.21 30.58 6.16 18 19.33
8406 66.16 -999 -999 152.34 29.35 9.05 68.77 202.9 72.02 35.36 9.38 27.31 6.01 16.2 -999
8407 72.15 79.99 1.87 163.97 16.37 8.75 84.11 245.87 106.84 42.9 10.04 37.51 4.74 16 18.58
8408 69.46 77.27 1.7 150.13 34.56 9.06 77.29 -999 103.15 37.6 9.07 35.82 6.04 17.5 21.14
8409 65.18 77.97 4.34 152.1 33 8.03 79.02 234.53 83.12 34.88 13.13 38.21 5.37 15.6 21.39
8410 66.13 72.63 2.28 153.51 31.79 8.45 76.92 198.7 64.19 32.26 8.32 35.75 5.03 15 20.88
8411 72.31 79.59 1.11 161.55 19.55 10.23 72.85 207.13 94.06 44.63 18.16 33 5.4 16.8 20.02
8412 64.21 71.7 2.28 147.46 34.26 10.71 74.5 193.53 65.62 33.82 12.33 32.55 5.89 17 24.67
8413 60.24 65.67 1.99 149.72 31.36 8.73 64.39 171.75 61.64 36.04 12.07 24.64 5.09 15.5 16.79
8414 67.91 73.79 1.26 150.11 34.33 8.86 72.77 193.38 72.5 37.53 11.33 35.29 5.67 15.6 22.22
8416 65.51 74.72 4.19 141.65 38.34 9.34 72.79 206.49 52.45 25.25 9.1 33.77 6.31 16.2 22.17
8417 58.87 66.83 3.31 133.25 45.85 8.04 63.58 154.8 50.23 32.78 16.95 22.32 5.72 14.4 19.07
8418 62.08 71.47 2.58 134.68 54.4 8.7 65.25 186.17 71.58 38.71 18.21 30.84 4.73 14.6 18.03
8419 59.77 65.44 1.11 121.85 56.02 7.41 67.34 160.02 60.68 38.3 8.72 30.3 4.87 14.3 17.96
8420 64.54 69.38 1.55 111.08 67.32 9.28 73.8 196.12 76.84 39.12 16.5 39.82 4.88 16.5 26.17
8421 60.64 66.69 1.38 163.22 23.77 8.12 70.17 179.92 56.91 32.31 15.6 29.48 5.37 15 15.62
8422 63.1 67.76 1.55 141.6 42.8 8.04 66.4 195.26 84.66 43.5 14.73 28.34 5.3 16.5 18.56
8423 70.61 -999 -999 143.69 30.53 9.05 80.02 200.54 68.46 33.79 12.71 30.21 6.34 19.5 -999
8424 -999 -999 -999 -999 -999 -999 -999 -999 -999 -999 -999 -999 -999 -999 -999
8425 70.58 -999 -999 131.52 48.14 7.7 66.18 202.02 80.89 39.28 20.35 34.99 4.87 14.8 19.53
8426 73.31 77.45 0.75 157.78 25.26 8.28 85.92 217.02 92.91 42.79 9.46 38.58 5.82 19.2 24.89
8427 69.87 -999 -999 148.4 35.01 8.97 84.04 233.54 92 39.88 20.91 39.8 6.12 19 -999
8428 70.54 78.2 2.28 139.92 43.53 8.72 73.29 211.9 80.84 37.92 9.98 28.67 6.09 18.6 21.67
8429 68.31 75.18 0.38 143.28 38.95 8.5 73.52 178.21 62.14 35.15 20.09 30.02 5.89 17.3 21.98
8430 60.59 66.36 1.7 140.16 40.94 8.07 69.83 170.79 56.96 33.84 4.89 26.06 5.3 14.8 16.96
8432 72.41 80.76 2.58 153.96 32.29 9.55 71.28 206.86 70.03 33.85 19.97 28.79 5.87 19.2 20.09
8433 71.21 78.28 0.77 160.21 24.75 8.1 78.29 241.8 88.79 36.67 12.13 36.72 5.62 17.4 21.26
8434 77 88.18 3.31 156.59 28.07 9.38 62.07 178.63 69.3 39.1 10.75 28.65 6.03 20.4 20.87
8435 66.47 75.42 0.96 156.57 26.4 11.7 68.28 186.56 71.57 38.34 5.64 30.38 5.17 14.7 22.18
8436 64.63 74.72 3.75 151.95 29.67 10.61 76.21 199.77 68.48 34.09 15.86 34.7 6.03 16.9 -999
8437 68.84 75.18 0.96 168.28 17.94 9.83 75.78 196.01 72.46 36.83 10.7 29.35 5.15 15.7 -999
8438 65.53 73.79 1.7 144.89 41.56 9.54 71.53 208.25 69.37 33.2 13.19 36.61 5.42 16.6 21.82
8439 66.98 71.7 0.67 168.4 19.59 9.76 66.72 182.34 64.18 35.26 5.5 26.57 5.64 16.5 22
8441 60.32 70.08 2.87 152.68 33.48 7.61 54.81 182.41 70.36 38.29 5.18 30.43 5.77 14.7 21.79
8442 62.24 71.01 3.75 152.68 30.01 9.4 68.72 151.97 43.96 28.77 8.9 31.84 6.41 15.8 -999
8443 64.62 -999 -999 160.58 26.37 10.03 66.74 157.81 63.13 40.2 12.74 28.84 5.09 16 22.22
8444 70.58 76.35 0.71 171.39 16.08 9.07 68.33 147.11 62.27 42.7 12.05 23.9 4.74 16.3 -999
8445 70.34 75.65 0.52 166.35 18.86 8.56 71.14 206.15 77.2 36.75 6.53 25.43 5.78 17.7 -999
8446 70.18 78.2 1.11 148.1 31.74 9.56 74.27 188.61 85.59 45.06 16.61 39.46 4.59 15.3 18.71
8447 70.29 77.27 1.4 147.89 33.34 9.33 69.25 190.98 81.27 42.08 12.25 30.99 5.05 17 20.47
8448 70.86 80.76 2.87 167.08 14.67 10.73 66 208.31 92.99 43.39 11.06 38.37 4.6 17.8 25.27
8449 68.93 77.74 1.94 158.45 21.39 8.59 79.56 193.73 73.64 37.25 9.16 33.73 4.74 14.7 23.26
8450 70.19 76.58 1.26 155.4 26.45 8.13 75.56 203.59 79.87 39.05 6.58 33.1 5.05 17 21.34
8451 73.85 82.61 2.28 153.79 24.82 9.68 73.95 195.48 95.63 48.48 24.59 30.66 5.5 18 26.5
8452 64.25 71.94 1.7 152.15 32.6 9.12 63.45 189.19 55.99 29.69 5.04 33.74 6.04 17 20.69
8453 67.52 74.49 2.14 149.83 33.62 10.3 70.39 187.45 66.51 34.71 8.79 34.19 5.45 15.7 23.06
8454 72.33 77.04 -0.21 151.22 34.98 10.02 66.48 188.7 86.76 45.39 9.37 30.31 5.1 18.3 25.99
8455 67.77 75.65 1.84 163.72 21.77 8.9 78.4 234.26 80.36 33.93 7.08 37.41 5.72 16 22.95
8456 62.06 -999 -999 148.08 32.05 9.02 63.53 188.72 65.69 34.56 12.56 32.25 5.24 16 18.46
8457 74.18 85.17 1.11 151.8 31.03 10.22 78.65 204 95.23 45.69 24.1 31.79 5.56 17.3 26.27
8458 65.9 74.95 2.28 155.23 29.38 9.4 76.51 194.04 70.76 36.46 9.5 34.22 5.05 16 26.15
8459 66.3 76.35 1.4 157.9 26.85 9.8 72.63 186.4 65.44 35 26.86 32.89 5.5 16 22.31
8460 67.23 74.72 1.55 169.64 18.7 9.42 64.69 185.39 64.7 34.97 6.89 26.99 5.69 16.5 -999
8461 70.15 -999 -999 151.74 30.47 9.44 70.11 181.95 59.76 32.52 7.05 26.15 5.24 16 17.84
8462 68.75 79.59 3.31 166.09 14.06 8.71 65.88 186.83 74.9 40.17 18.21 25.87 4.91 17.7 19.53
8463 76.72 87.02 2.28 158.02 23.43 8.38 77.19 241.89 115.79 46.85 13.44 30.71 5.47 18.7 -999
8464 60.7 66.6 1.4 145.1 35.86 9.93 66.29 166.18 48.33 29.37 6.46 31.96 4.93 13.8 20.96
8465 63.35 70.08 0.82 129.62 55.8 9.99 67.74 196.13 71.26 36.43 11.63 34.36 5.25 15 22
8466 66.21 74.95 2.14 171.41 14.83 9.08 70.52 173.39 55.03 31.63 9.77 32.91 6.6 16.5 26.22
8467 72.97 83.79 1.53 167.24 19.02 10.2 67.65 171.59 63.89 39.05 7.52 26.44 4.09 14.3 21.07
8468 70.14 79.83 2.28 164.03 19.47 9.66 74.38 201.26 75.78 37.83 11.73 28.09 5.79 15 25.72
8469 71.92 80.12 1.8 170.66 12.39 10.53 72.1 154.31 64.66 42.57 13.55 28.38 5.67 19 -999
8470 62.8 69.85 2.43 146.12 33.59 8.01 68.19 160.96 56.09 35.24 5.59 36.22 4.43 13 -999
8471 67.52 76.35 0.96 159.98 24.01 9.18 66.15 176.94 71.34 39.89 6.99 29.53 5.47 15 -999
8473 68.97 -999 -999 152.46 29.01 8.25 65.9 172.2 64.31 36.44 8.73 30.82 4.8 14.8 18.63
8474 68.65 75.18 1.11 148.94 37.06 9.41 77.83 227.12 97.57 42.8 12.29 31.61 5.22 15.8 17.49
8475 68.35 75.42 0.96 158.49 24.24 9.31 71.72 226.34 79.8 34.81 5.13 32.04 5.96 17 19.8
8476 66.82 74.95 0.82 164.53 21.2 10.46 78.61 235.47 90.85 38.16 13.73 37.56 5.92 15.8 22.82
8477 70.52 78.2 1.26 167.09 20.27 9.56 76.29 247.79 103.05 40.61 6.96 25.78 5.12 16 20.39
8478 70.71 77.04 0.52 138.08 48.74 9.81 71.39 176.39 68.66 39.11 9.81 29.57 5.92 15.7 19.96
8479 68.69 75.88 1.11 170.09 15.92 10.31 73.15 190.3 73.8 38.52 17.43 30.27 5.93 17.3 -999
8480 68.03 78.2 2.87 143.4 38.98 10.54 78.17 213.8 86.97 40.39 18.59 33.53 6.06 18 20.69
8481 66.39 77.51 4.92 159.94 27.87 9.46 70.6 181.91 61.03 33.66 14.7 29.88 6.09 17 21.73
8482 65.8 72.86 2.28 160.75 20.66 10.01 67.89 192.06 69.92 36.31 14.13 33.83 5.66 17 18.38
8483 66.47 72.86 2.14 134.33 44.43 7.99 71.41 201.14 78.22 38.82 9.09 32 5.77 18 18.68
8484 61.39 69.15 2.58 152.01 32.55 9.36 60.38 160.69 29.28 17.69 4.8 31.32 6.06 12.7 16.56
8485 69.92 76.81 1.4 163.35 22.98 8.93 77.68 218.38 90.94 41.42 8.84 31.44 5.46 17.3 19.11
8486 66.61 71.24 1.11 148.81 30.93 9.16 66.12 169.26 55.41 32.88 9.54 31.45 5.73 17.5 18.03
8487 72.38 79.45 -0.46 159.45 25.66 9.61 74.22 223.18 84.01 36.87 5.58 40.42 6.27 17.7 21.65
8489 67.42 72.4 0.96 138.25 45.18 9.71 65.97 183.19 71.01 37.86 7.45 31.93 5.15 14.3 20.47
8491 66.53 71.01 0.82 153.91 28.5 9.21 73.68 216.6 73.56 33.21 18.68 31.77 6.16 16.3 21.46
8492 67.57 74.95 2.43 152.78 24.95 7.91 65.63 175.05 58.73 32.61 7.42 25.73 7.68 18.5 16.63
8494 64.72 71.24 1.4 148.23 35.38 8.05 55.93 156.98 51.62 32.69 6.63 26.68 4.96 13.7 19.79
8500 65.37 71.94 1.7 149.36 30.55 7.17 73.79 171.86 62.22 36.34 5.95 25.56 5.3 17 16.7
8501 64.58 71.01 2.43 167.92 12.61 6.5 74.45 215.31 73.67 34.01 13.08 30.12 6.09 17.8 16.81
8502 72.8 79.59 1.11 168.2 15.39 9.94 76.13 212.8 59.81 27.9 1.49 27.54 8.16 19 20.26
8504 63.35 70.77 2.28 145.82 35.37 7.45 69.7 198.27 74.36 37.88 7.73 29.89 5.98 16.5 18.14
8506 61.24 66.36 1.26 153.62 27.66 7.98 76.22 191.63 69.35 36.31 11.21 34.39 5.57 16.6 19.47
8507 69.33 83.31 -999 148.96 34.72 9.47 68.35 213.69 80.58 37.24 7.66 39.25 5.5 16.2 22.38
8508 68.39 74.26 2.14 149.01 37.05 8.91 70.09 169.47 58.65 35.27 6.21 25.39 4.4 14.5 17.07
8518 58.57 64.51 1.84 150.29 34.74 8.3 64.72 197.73 65.79 33.38 7.21 36.82 5 15 18.6
8520 71.76 78.67 1.26 152.93 30.48 8.13 72.51 206.8 78.48 37.7 8.4 31.71 5.45 17.3 24.47
8524 70.15 -999 -999 147.81 34.12 9.61 67.18 160.59 51.71 31.18 9.64 31.49 5.02 14.7 23.8
8527 73.06 80.06 0.52 157.77 20.88 9.53 88.55 248.58 84.54 33.93 16.17 32.83 7.52 21.3 26.32
8529 65.24 72.4 2.28 147.74 31.56 7.85 73.19 179.42 62.35 34.81 8.35 37.7 6.01 17 20.19
8530 67.63 74.72 1.32 159.66 24.8 8.8 66.45 203.71 80.53 39.28 2.7 36.15 4.83 16.5 19.32
8532 68.51 76.58 2.43 153.09 29.52 8.37 78.21 199.24 59.75 29.71 11.22 33.45 5.33 16.5 18.85
8536 65.92 70.77 0.67 146.46 31 7.8 67.6 175.16 70.96 40.37 7.43 25.31 5.5 18.2 21.09
8537 67.37 72.86 1.11 145.55 25.32 8.42 69.92 196.21 66.29 33.7 6.92 28.38 6.35 16 18.53
8538 66.27 75.65 3.46 154.72 24.29 11.14 72.78 225.44 75.72 32.66 4.85 37.67 5.14 15 20.53
8539 67.66 73.1 1.84 146.1 39.26 8.81 75.72 196.36 68.86 34.93 6.62 31.89 5.54 17 18.46
8540 67.58 71.47 0.38 152.6 29.36 8.11 75 215.11 84.13 39.1 5.71 31.26 4.57 16.3 19.33
8542 61.79 70.08 3.31 147.73 35.04 9.21 69.49 191.4 56.59 29.55 5.31 38.15 5.84 15.2 18.43
8543 63.77 69.85 1.84 153.99 27.37 8.76 68.56 197.55 57.71 29.02 5.97 32.45 5.84 15 19.89
8544 62.15 67.06 1.84 147.36 35.18 8.29 68.12 171.17 66.91 39.75 7.96 32.42 5.05 16 21.19
8546 68.24 72.63 0.82 150.66 33.43 8.57 68.69 206.01 79.11 38.06 6.7 31.99 5.89 18.2 19.45
8548 69.34 75.65 1.4 154.7 31.19 9.16 72.34 219.51 79.95 36.2 6.18 38.24 5.8 17.5 21.86
8549 61.26 66.13 1.7 141.05 45.25 9.3 73.94 172.06 52.01 30.35 11.61 31.04 5.82 16.3 22.41
8550 70.5 77.27 2.28 152.1 31.43 9.61 69.11 191.33 58.48 30.22 1.76 26.44 6.63 15.7 19.54
8552 65.38 70.54 0.96 157.99 19.59 7.98 74.57 196.9 63.38 32.01 6.97 29.61 6.24 16 20.18
8554 72.7 77.97 0.96 159.33 22.55 9.03 80.6 200.6 69.76 34.61 13.31 28.88 4.94 17 27.18
8555 63.2 68.22 1.26 133.14 51.6 9.12 67.48 171.05 61.38 36 5 31.11 5.2 15.5 19.06
8556 60.19 67.06 1.99 153.03 30.19 7.5 67.36 168.3 58.43 34.85 9.95 34.03 4.69 14.5 18.49
8557 69.8 76.58 1.26 153.76 25.96 9.59 74.43 219.95 74.33 33.62 3.75 32.64 5.31 15.7 20.33
8560 62.31 67.06 0.82 145.67 33.41 7.55 63.67 177.24 55.67 31.7 6.69 25.08 5.46 15.3 18.16
8561 63.58 68.69 0.67 141.41 46.08 7.42 63.1 211.7 97.01 45.66 10.4 28.87 5.06 17.8 22.95
8562 67.82 76.35 1.55 163.01 24.37 8.29 76.65 197.73 63.97 31.98 7.3 32.4 5.69 16.6 25.99
8564 67.92 72.86 1.11 157.07 20.63 8.66 70.7 176.4 52.67 29.52 8.03 31.1 6.08 17.3 22.69
8565 60.74 66.6 1.4 149.14 37.25 8.31 64.84 186.17 64.04 34.24 7.64 25.73 6.09 15.3 22.4
8567 69.94 74.95 0.82 144.14 39.98 8.23 67.01 196.95 86.88 43.49 6.67 33.21 4.88 17.4 18.42
8569 60.37 65.2 1.11 134.44 46.34 7.02 62.53 176.37 54.48 30.67 6.92 30.03 4.88 13.4 17.61
8570 61.92 67.53 1.11 140.24 41.84 7.92 78.27 189.11 63.9 33.47 6.31 29.14 5.25 15 17.55
8573 69.73 -999 -999 158.51 21.47 9.02 75.28 190.85 61.14 31.02 3.81 35.07 5.97 16 24.83
8574 65.58 70.77 0.82 159.91 21.26 8.91 75.61 199.63 64.88 32.13 7.98 35.63 5.9 16.3 20.84
8577 73.59 80.52 1.26 152.59 31.57 9.06 78.28 221.14 77.76 33.92 6.58 -999 5.3 16.5 20.73
8578 62.82 69.61 2.14 152.56 29.9 9.21 73.71 199.01 57.28 28.59 3.82 33.13 6.17 16 23.23
8580 65.59 77.74 2.87 157.11 23.9 8.66 73.49 187.91 58.59 30.74 5.82 29.42 5.2 15 24.92
8581 60.91 66.6 1.55 145.14 36.38 7.62 64.34 165.78 50.19 30.49 8.73 28.65 5.3 14.3 19.79
8583 59.42 67.06 2.72 142.12 37.56 7.47 54.86 151.18 50.32 33.91 3.83 27.9 4.46 15 16.18
C7-2 69.99 77.74 1.11 164.2 18.28 9.77 70.39 193.09 83.49 42.88 21.18 28.49 4.74 18 19.05
Mo17 65.08 74.95 3.46 145.33 33.65 8.91 69.57 210.6 70.17 33.08 6.3 38.51 5.28 14.3 19.03
Ye478 73.21 82.15 1.4 169 19.1 9.8 75.78 195.6 72.61 37.1 18.65 28.92 5.51 17 -999
Z58 67.06 74.26 1.26 171.01 13.19 8.66 78.28 165.55 51.14 31.14 5.79 31.02 5.24 15.7 17.64
